Comp 1: 1.45715e+11
FST2m_2.3: 9.69024e+10
FST1m_2: 9.10264e+10
Comp 2: 3.75185e+10
Comp 9: 3.47046e+10
F3v_3.1.2: 3.24104e+10
Comp 8: 2.72931e+10
F3m_2.1.3: 2.64139e+10
FST2m_1.3: 2.59199e+10
FST2v_2.3: 2.56017e+10
FST1m_3: 2.10599e+10
AMLm_2.1.3: 2.00849e+10
Comp 13: 1.48771e+10
Comp 11: 1.06133e+10
AMLv_2.1.3: 1.01452e+10
FST3m_1.2.3: 1.00287e+10
NEIv_2.3: 9.55306e+09
HWv_2: 9.5337e+09
ML1p_3: 7.91563e+09
FST3v_1.2.3: 7.52224e+09
Comp 7: 7.12645e+09
Comp 3: 6.59218e+09
HWv_3: 6.54124e+09
HWm_3: 6.19927e+09
F3m_3.1.2: 5.85242e+09
AMLm_3.1.2: 5.49374e+09
FST2v_1.3: 5.13753e+09
Comp 14: 5.12479e+09
AMLv_3.1.2: 4.94546e+09
FST1m_1: 4.90044e+09
HBv_1.2: 4.19321e+09
Comp 16: 3.94662e+09
HBm_1.2: 3.57891e+09
Comp 10: 3.53915e+09
ML2p_1.2: 3.2981e+09
NEIm_1.2: 3.26197e+09
NEIv_1.2: 3.08629e+09
Comp 15: 2.87891e+09
NEIv_1.3: 2.43437e+09
F3v_2.1.3: 2.32482e+09
HWm_2: 2.20572e+09
HBv_1.3: 2.04992e+09
NEIm_2.3: 1.98689e+09
ML2p_2.3: 1.7178e+09
HWv_1: 1.69193e+09
ML1p_2: 1.68428e+09
FST2m_1.2: 1.6543e+09
AMLv_1.2.3: 1.64683e+09
FST1v_3: 1.64091e+09
Comp 12: 1.64032e+09
ML2p_1.3: 1.54179e+09
Comp 4: 1.5384e+09
FST2v_1.2: 1.49293e+09
HWm_1: 1.48059e+09
NOISE5: 1.42393e+09
NOISE1: 1.42331e+09
NOISE2: 1.42273e+09
NOISE4: 1.42015e+09
NOISE3: 1.41847e+09
AMLm_1.2.3: 1.39391e+09
F3v_1.2.3: 1.30437e+09
Comp 6: 1.22763e+09
ML1p_1: 1.20306e+09
F3m_1.2.3: 1.19617e+09
Comp 5: 1.15288e+09
FST1v_1: 1.08911e+09
HBv_2.3: 1.0389e+09
HBm_2.3: 9.11873e+08
NEIm_1.3: 8.99803e+08
FST1v_2: 8.92581e+08
HBm_1.3: 8.77672e+08
