FST1m_3: 1.98466e+11
ML1p_3: 1.40829e+11
Comp 1: 1.28296e+11
FST1v_3: 4.29036e+10
ML2p_1.2: 4.05452e+10
Comp 4: 3.65619e+10
Comp 5: 3.50428e+10
HWm_3: 2.10667e+10
HWv_3: 1.79009e+10
Comp 7: 1.32829e+10
AMLm_2.1.3: 1.21402e+10
AMLv_2.1.3: 9.70623e+09
ML1p_2: 9.12024e+09
ML2p_2.3: 8.3262e+09
Comp 2: 7.60974e+09
Comp 6: 6.77874e+09
FST2v_2.3: 6.11309e+09
FST2m_2.3: 5.99531e+09
F3m_2.1.3: 4.92263e+09
AMLm_1.2.3: 4.08901e+09
Comp 3: 3.55276e+09
F3v_2.1.3: 3.06608e+09
F3v_1.2.3: 2.64673e+09
HBv_1.3: 2.60609e+09
ML2p_1.3: 2.56113e+09
HBv_2.3: 2.4664e+09
F3v_3.1.2: 2.29594e+09
FST1v_2: 2.25855e+09
HBm_1.2: 2.217e+09
NEIm_1.2: 2.19489e+09
NEIv_1.2: 2.15425e+09
HBm_1.3: 2.11539e+09
FST2v_1.3: 2.11219e+09
FST2m_1.2: 1.99629e+09
AMLv_3.1.2: 1.99061e+09
FST2v_1.2: 1.96762e+09
AMLv_1.2.3: 1.88925e+09
NEIv_2.3: 1.84115e+09
FST3m_1.2.3: 1.83153e+09
HWm_1: 1.82309e+09
AMLm_3.1.2: 1.79111e+09
ML1p_1: 1.77486e+09
HBm_2.3: 1.77258e+09
F3m_1.2.3: 1.71276e+09
F3m_3.1.2: 1.69753e+09
FST1m_2: 1.68227e+09
HWm_2: 1.66799e+09
HWv_2: 1.54849e+09
FST2m_1.3: 1.54662e+09
NOISE4: 1.52441e+09
NOISE1: 1.52388e+09
NOISE3: 1.51698e+09
NOISE5: 1.51403e+09
NOISE2: 1.5035e+09
NEIm_1.3: 1.48838e+09
NEIv_1.3: 1.29948e+09
FST3v_1.2.3: 1.23504e+09
NEIm_2.3: 1.14994e+09
HWv_1: 1.10568e+09
HBv_1.2: 1.06231e+09
FST1m_1: 1.00861e+09
FST1v_1: 1.00312e+09
