ML2p_2.3: 4.65377e+10
AMLm_3.1.2: 3.05553e+10
Comp 13: 2.31713e+10
Comp 3: 2.1275e+10
Comp 15: 1.81203e+10
Comp 14: 1.75616e+10
FST2m_1.2: 1.52677e+10
Comp 7: 1.49487e+10
Comp 1: 1.48517e+10
Comp 17: 1.47999e+10
Comp 8: 1.44759e+10
Comp 20: 1.4471e+10
NOISE4: 1.40376e+10
NOISE5: 1.40196e+10
NOISE1: 1.4009e+10
NOISE3: 1.40045e+10
NOISE2: 1.39917e+10
Comp 9: 1.38574e+10
Comp 19: 1.36056e+10
Comp 12: 1.33471e+10
FST2v_1.2: 1.33208e+10
Comp 24: 1.32234e+10
Comp 2: 1.27904e+10
Comp 27: 1.24772e+10
Comp 22: 1.24407e+10
Comp 26: 1.22665e+10
Comp 18: 1.2138e+10
Comp 23: 1.18407e+10
F3m_1.2.3: 1.18275e+10
F3m_2.1.3: 1.15256e+10
Comp 21: 1.14968e+10
Comp 25: 1.1135e+10
Comp 6: 1.09046e+10
Comp 16: 1.04241e+10
Comp 10: 9.819e+09
AMLv_2.1.3: 9.46431e+09
Comp 11: 9.40402e+09
AMLv_3.1.2: 9.29212e+09
Comp 4: 8.4717e+09
Comp 5: 8.40696e+09
NEIv_1.2: 8.30527e+09
ML2p_1.3: 7.73256e+09
FST1m_1: 7.29585e+09
F3v_1.2.3: 7.03235e+09
HWv_3: 6.95918e+09
AMLv_1.2.3: 6.81266e+09
AMLm_2.1.3: 6.79607e+09
ML1p_1: 6.67895e+09
HWm_3: 6.67633e+09
NEIm_1.2: 6.57325e+09
ML1p_3: 6.55055e+09
F3v_2.1.3: 6.51789e+09
FST1m_2: 6.30589e+09
FST1m_3: 6.27055e+09
AMLm_1.2.3: 5.99436e+09
HWv_1: 5.96388e+09
HWm_1: 5.90062e+09
ML1p_2: 5.78272e+09
HWv_2: 5.77915e+09
HBv_1.2: 5.73093e+09
ML2p_1.2: 5.52802e+09
FST1v_3: 5.05303e+09
HWm_2: 4.69188e+09
HBm_1.2: 4.64921e+09
FST1v_1: 4.43268e+09
FST1v_2: 4.38939e+09
FST3m_1.2.3: 4.3612e+09
FST2m_1.3: 4.16597e+09
HBm_2.3: 4.08578e+09
HBm_1.3: 4.08111e+09
FST2v_1.3: 3.83928e+09
FST2m_2.3: 3.83242e+09
HBv_1.3: 3.53821e+09
HBv_2.3: 3.33068e+09
NEIm_1.3: 3.32969e+09
FST3v_1.2.3: 3.31184e+09
FST2v_2.3: 3.25202e+09
NEIm_2.3: 3.2137e+09
F3v_3.1.2: 3.15322e+09
NEIv_1.3: 3.13646e+09
F3m_3.1.2: 3.04966e+09
NEIv_2.3: 2.93413e+09
