HWv_2: 1.52872e+11
Comp 1: 1.31297e+11
HWv_3: 1.02825e+11
HBm_2.3: 5.46926e+10
HBm_1.3: 4.55871e+10
Comp 2: 4.30251e+10
HWv_1: 2.31541e+10
Comp 4: 2.23447e+10
Comp 7: 2.10745e+10
Comp 5: 2.08137e+10
HWm_3: 1.79035e+10
FST1v_3: 1.73637e+10
HBv_1.2: 1.63895e+10
Comp 3: 1.17235e+10
Comp 10: 1.1557e+10
HWm_2: 8.07693e+09
AMLv_2.1.3: 7.22571e+09
FST1v_2: 6.53851e+09
HWm_1: 6.33598e+09
Comp 9: 5.38362e+09
AMLv_1.2.3: 5.16462e+09
ML2p_2.3: 5.02576e+09
HBm_1.2: 4.95165e+09
FST1v_1: 4.92612e+09
Comp 6: 4.74714e+09
AMLm_1.2.3: 4.70345e+09
Comp 8: 4.41331e+09
F3m_2.1.3: 3.94377e+09
ML2p_1.3: 3.93095e+09
AMLm_2.1.3: 3.40848e+09
FST2m_1.2: 2.91686e+09
FST1m_2: 2.67408e+09
ML1p_3: 2.2882e+09
FST1m_3: 2.24413e+09
NEIm_2.3: 1.98798e+09
FST2m_2.3: 1.91972e+09
FST2v_1.2: 1.91533e+09
FST3m_1.2.3: 1.91175e+09
Comp 11: 1.90338e+09
ML1p_2: 1.88866e+09
FST2m_1.3: 1.83779e+09
HBv_2.3: 1.83251e+09
AMLm_3.1.2: 1.8161e+09
F3v_2.1.3: 1.69545e+09
AMLv_3.1.2: 1.65288e+09
NOISE2: 1.61462e+09
NOISE3: 1.61192e+09
NOISE5: 1.60371e+09
NOISE4: 1.59885e+09
NOISE1: 1.58875e+09
ML2p_1.2: 1.57983e+09
NEIv_1.2: 1.53498e+09
ML1p_1: 1.39593e+09
FST2v_2.3: 1.34151e+09
F3v_1.2.3: 1.32809e+09
F3m_1.2.3: 1.30358e+09
NEIm_1.3: 1.27444e+09
FST1m_1: 1.21368e+09
NEIm_1.2: 1.19056e+09
F3m_3.1.2: 1.16599e+09
F3v_3.1.2: 1.11132e+09
FST2v_1.3: 1.02422e+09
FST3v_1.2.3: 1.00674e+09
HBv_1.3: 9.32147e+08
NEIv_2.3: 8.45039e+08
NEIv_1.3: 8.26107e+08
