FST2m_1.2: 1.61245e+09
FST2v_1.2: 1.08855e+09
NEIv_1.2: 6.44441e+08
F3m_1.2.3: 4.39379e+08
F3v_1.2.3: 2.95176e+08
Comp 6: 2.52605e+08
NEIm_1.2: 1.73753e+08
ML2p_2.3: 1.60172e+08
Comp 18: 1.56808e+08
Comp 17: 1.46698e+08
Comp 16: 1.15336e+08
Comp 1: 1.12296e+08
Comp 13: 8.65803e+07
AMLm_3.1.2: 8.50638e+07
F3m_2.1.3: 8.20956e+07
F3v_2.1.3: 8.16489e+07
Comp 19: 7.86065e+07
NOISE5: 7.85451e+07
NOISE3: 7.85264e+07
NOISE2: 7.84911e+07
NOISE1: 7.82064e+07
NOISE4: 7.81623e+07
Comp 8: 7.3549e+07
Comp 15: 7.17906e+07
ML1p_1: 6.75858e+07
ML2p_1.3: 6.65235e+07
AMLv_1.2.3: 6.45168e+07
Comp 10: 6.43747e+07
Comp 14: 6.40886e+07
AMLv_2.1.3: 6.36353e+07
Comp 7: 6.31285e+07
Comp 11: 6.27793e+07
Comp 12: 6.18149e+07
HWm_1: 5.97618e+07
AMLv_3.1.2: 5.91666e+07
Comp 9: 5.75354e+07
Comp 4: 5.41642e+07
HWv_1: 5.08899e+07
AMLm_2.1.3: 5.03225e+07
FST1m_1: 5.01233e+07
Comp 3: 4.76146e+07
Comp 5: 4.36304e+07
AMLm_1.2.3: 4.30538e+07
HWv_3: 4.25478e+07
FST1m_2: 4.11793e+07
ML1p_2: 3.99705e+07
ML1p_3: 3.97301e+07
HWv_2: 3.93851e+07
HWm_3: 3.91914e+07
FST1m_3: 3.83237e+07
ML2p_1.2: 3.65518e+07
HBv_1.2: 3.48028e+07
FST1v_3: 3.20122e+07
HWm_2: 3.02119e+07
FST1v_1: 2.96302e+07
Comp 2: 2.88987e+07
HBm_1.2: 2.79031e+07
FST1v_2: 2.70639e+07
HBm_1.3: 2.68805e+07
HBm_2.3: 2.595e+07
FST3m_1.2.3: 2.31864e+07
FST2m_1.3: 2.23154e+07
FST2m_2.3: 2.22415e+07
HBv_2.3: 1.96664e+07
FST2v_1.3: 1.94852e+07
HBv_1.3: 1.88296e+07
FST2v_2.3: 1.84302e+07
FST3v_1.2.3: 1.80952e+07
NEIm_1.3: 1.78585e+07
NEIm_2.3: 1.77638e+07
F3v_3.1.2: 1.72325e+07
NEIv_2.3: 1.66165e+07
NEIv_1.3: 1.6616e+07
F3m_3.1.2: 1.61644e+07
