FST2m_1.2: 3.08046e+07
FST2v_1.2: 1.84877e+07
F3m_1.2.3: 1.42761e+07
ML2p_2.3: 1.30273e+07
AMLm_3.1.2: 9.70342e+06
NEIv_1.2: 6.99405e+06
Comp 3: 5.22946e+06
Comp 17: 4.93044e+06
Comp 1: 3.67546e+06
ML2p_1.3: 3.65914e+06
Comp 20: 3.61617e+06
Comp 8: 3.55439e+06
Comp 7: 3.38041e+06
Comp 14: 3.11292e+06
Comp 13: 3.04939e+06
Comp 9: 2.77582e+06
Comp 15: 2.70387e+06
Comp 2: 2.70272e+06
NOISE2: 2.68299e+06
NOISE4: 2.68231e+06
NOISE3: 2.67272e+06
NOISE1: 2.66571e+06
NOISE5: 2.66094e+06
F3m_2.1.3: 2.65853e+06
Comp 18: 2.53254e+06
Comp 12: 2.47219e+06
Comp 19: 2.43567e+06
Comp 16: 2.43176e+06
Comp 11: 2.28698e+06
AMLv_3.1.2: 2.21984e+06
AMLv_2.1.3: 2.12526e+06
Comp 5: 2.04693e+06
F3v_1.2.3: 1.99631e+06
NEIm_1.2: 1.98559e+06
Comp 4: 1.95366e+06
AMLv_1.2.3: 1.89211e+06
ML1p_1: 1.88101e+06
Comp 10: 1.83126e+06
Comp 6: 1.82076e+06
FST1m_1: 1.49793e+06
AMLm_2.1.3: 1.46535e+06
F3v_2.1.3: 1.44712e+06
HWv_3: 1.44044e+06
FST1m_2: 1.39968e+06
ML1p_3: 1.37387e+06
HWm_1: 1.37034e+06
HWm_3: 1.35946e+06
AMLm_1.2.3: 1.34006e+06
HWv_2: 1.3195e+06
HWv_1: 1.31837e+06
FST1m_3: 1.31797e+06
ML1p_2: 1.29228e+06
HBv_1.2: 1.25067e+06
ML2p_1.2: 1.14528e+06
FST1v_3: 1.06385e+06
HWm_2: 1.03419e+06
HBm_1.2: 1.03299e+06
FST1v_1: 990876
FST1v_2: 980095
HBm_1.3: 961721
HBm_2.3: 951386
FST3m_1.2.3: 879098
FST2m_1.3: 851928
FST2m_2.3: 831941
FST2v_1.3: 806693
HBv_1.3: 745291
HBv_2.3: 734720
NEIm_1.3: 727739
NEIm_2.3: 704958
FST3v_1.2.3: 702622
FST2v_2.3: 686318
F3v_3.1.2: 678465
F3m_3.1.2: 667567
NEIv_1.3: 654273
NEIv_2.3: 624836
