FST1m_2: 1.44326e+11
ML1p_2: 9.45695e+10
Comp 1: 8.98714e+10
F3m_2.1.3: 8.55953e+10
ML2p_1.2: 4.3057e+10
Comp 2: 2.44295e+10
AMLm_1.2.3: 2.27873e+10
Comp 8: 2.26016e+10
HWv_2: 2.14774e+10
Comp 3: 1.88077e+10
Comp 7: 1.78447e+10
AMLv_1.2.3: 1.3207e+10
ML2p_1.3: 1.08843e+10
AMLm_3.1.2: 1.0513e+10
ML1p_3: 1.04692e+10
FST1m_1: 8.90625e+09
HWm_2: 7.27686e+09
Comp 4: 6.69424e+09
Comp 9: 5.27067e+09
Comp 6: 5.11699e+09
FST1m_3: 4.92968e+09
FST2v_1.2: 3.92364e+09
FST2m_1.2: 3.74831e+09
HBm_1.2: 3.6682e+09
AMLm_2.1.3: 3.31955e+09
AMLv_2.1.3: 3.29687e+09
HWm_3: 3.24176e+09
Comp 5: 3.21944e+09
ML2p_2.3: 3.00893e+09
Comp 10: 2.97422e+09
NEIv_1.2: 2.57141e+09
HBm_1.3: 2.46829e+09
F3v_2.1.3: 2.39451e+09
AMLv_3.1.2: 2.38853e+09
HBm_2.3: 2.077e+09
HBv_1.2: 2.0642e+09
FST1v_2: 1.95066e+09
NEIm_1.2: 1.93133e+09
HWv_3: 1.868e+09
NOISE4: 1.74791e+09
NOISE2: 1.7471e+09
NOISE5: 1.7435e+09
NOISE1: 1.74219e+09
HWv_1: 1.73614e+09
NOISE3: 1.71775e+09
HWm_1: 1.69022e+09
F3v_1.2.3: 1.62726e+09
FST3m_1.2.3: 1.6065e+09
FST2m_2.3: 1.40497e+09
FST1v_1: 1.35525e+09
ML1p_1: 1.23057e+09
FST2v_2.3: 1.12425e+09
FST2m_1.3: 1.08391e+09
F3m_1.2.3: 1.02377e+09
FST1v_3: 9.77428e+08
NEIm_2.3: 9.34467e+08
HBv_2.3: 9.11912e+08
FST3v_1.2.3: 8.48569e+08
FST2v_1.3: 8.46305e+08
F3v_3.1.2: 8.42752e+08
NEIm_1.3: 7.27918e+08
NEIv_2.3: 7.16165e+08
HBv_1.3: 7.01184e+08
F3m_3.1.2: 6.78224e+08
NEIv_1.3: 6.57668e+08
